1.687083
1.665172
1.703333
1.659189
1.65381
1.611136
1.537959
1.477885
1.509643
1.441148
1.511212
1.461884
1.52
1.58595
1.539036
1.558977
1.538478
1.507895
1.5337
1.493942
1.516944
1.503928
1.473103
1.47689
1.447723
1.465118
1.492499
1.465441
1.483285
1.460419
1.468163
1.475563
1.452194
1.4715
1.451043
1.470417
1.500347
1.480904
1.465555
1.468261
1.453476
1.475833
1.456837
1.475174
1.474975
1.458708
1.449005
1.432837
1.442409
1.449107
1.446419
1.459231
1.447764
1.438589
1.429714
1.416024
1.41162
1.401367
1.403563
1.400113
1.387926
1.383139
1.374188
1.37185
1.363275
1.358685
1.352935
1.353064
1.344471
0.5027778
0.5027273
0.5028
0.5032143
0.5025001
0.5017648
0.501579
0.5017074
0.5018182
0.5020834
0.5021569
0.502037
0.501579
0.5016667
0.5017188
0.5019404
0.502
0.5023288
0.5022368
0.5023749
0.5026505
0.502558
0.5026665
0.5026085
0.5024999
0.5026261
0.5026469
0.502264
0.5023851
0.5024998
0.5022607
0.502288
0.5022949
0.5020798
0.5021092
0.5021372
0.5023878
0.5022461
0.5022693
0.5024304
0.5023808
0.5023333
0.5024025
0.5024203
0.5024374
0.5025
0.5024698
0.5024117
0.5024278
0.5023863
0.5024444
0.5024044
0.5023656
0.502328
0.5023959
0.5024491
0.5024624
0.5024258
0.5024391
0.502404
0.5024058
0.5023257
NaN
NaN
NaN
NaN
NaN
NaN
NaN
NaN
NaN
NaN
NaN
NaN
NaN
NaN
NaN
NaN
NaN
NaN
NaN
NaN
NaN
NaN
NaN
NaN
NaN
NaN
NaN
NaN
NaN
NaN
NaN
NaN
NaN
NaN
NaN
NaN
NaN
NaN
NaN
NaN
NaN
NaN
NaN
NaN
NaN
NaN
NaN
NaN
NaN
NaN
NaN
NaN
NaN
NaN
NaN
NaN
NaN
NaN
NaN
NaN
NaN
NaN
NaN
NaN
NaN
NaN
NaN
NaN
NaN
NaN
NaN
NaN
NaN
NaN
NaN
NaN
NaN
NaN
NaN
NaN
NaN
NaN
NaN
NaN
NaN
NaN
NaN
NaN
NaN
NaN
NaN
NaN
NaN
NaN
NaN
NaN
NaN
NaN
NaN
NaN
NaN
NaN
NaN
NaN
NaN
NaN
NaN
NaN
NaN
NaN
NaN
NaN
NaN
NaN
NaN
NaN
NaN
NaN
NaN
NaN
NaN
NaN
NaN
NaN
NaN
NaN
NaN
NaN
