12
0
42
35
25
34
16
15
0
23
23
5
17
11
39
22
21
19
22
15
29
49
21
32
35
48
13
0
47
29
6
40
47
29
31
14
23
11
17
3
33
35
36
22
1
5
40
3
49
22
3
44
36
30
19
17
47
7
49
11
41
19
25
22
30
16
8
4
25
38
24
42
23
9
44
37
13
6
10
46
10
18
36
14
22
26
44
18
41
21
21
25
21
15
7
24
11
7
46
4
11
29
14
37
19
31
32
7
44
45
31
10
2
42
27
15
29
10
17
44
18
41
8
48
45
49
33
21
1
34
33
24
29
7
6
15
39
46
5
31
12
21
28
23
44
8
39
47
0
39
28
46
25
18
9
22
45
19
34
9
8
48
11
31
9
47
9
6
44
37
13
33
42
35
40
44
28
46
7
29
18
46
43
34
24
20
39
47
32
10
5
21
42
2
48
12
17
42
6
45
47
7
49
14
29
37
22
4
48
24
46
45
43
24
46
9
6
4
25
20
3
2
5
25
18
13
24
2
15
11
32
12
30
20
41
0
7
37
38
9
25
35
42
21
34
12
9
42
20
45
17
31
49
5
16
14
11
7
24
11
39
13
20
22
29
35
47
31
22
11
6
19
25
0
9
36
41
16
29
2
10
9
48
39
5
35
33
31
9
31
6
22
15
45
24
7
32
45
28
21
46
47
24
44
0
49
12
36
47
2
14
33
40
4
17
11
12
0
9
21
7
1
33
4
1
8
43
32
22
25
36
39
40
27
35
4
23
24
16
43
22
33
47
3
38
42
14
14
49
30
48
27
46
14
4
8
29
33
6
33
17
8
13
38
48
5
44
21
0
5
27
7
41
16
6
30
5
35
24
1
23
24
36
14
37
34
49
39
11
7
1
39
29
25
25
31
45
26
14
31
48
6
5
22
28
30
7
14
32
40
29
41
16
43
49
3
20
23
45
4
43
47
12
33
25
49
49
5
5
36
37
49
1
10
18
10
29
39
27
4
15
31
47
7
12
1
9
32
31
28
47
49
15
36
43
26
48
19
42
8
10
24
11
46
1
8
0
1
36
14
11
8
9
44
38
31
31
9
42
9
11
33
1
34
15
10
3
17
42
27
7
11
13
47
36
20
35
48
21
10
5
2
22
30
16
19
14
0
10
23
4
18
39
22
8
19
43
47
15
18
15
8
22
23
11
38
11
24
11
29
34
14
40
11
2
22
44
48
3
33
25
5
37
47
24
11
34
14
21
5
0
5
43
47
23
12
17
17
45
22
46
25
12
37
40
26
30
8
37
44
0
2
41
22
36
10
32
13
35
5
6
31
32
28
49
30
42
13
43
28
5
14
46
30
3
15
31
34
19
22
23
40
38
14
36
15
27
35
41
10
49
29
31
37
6
31
2
36
1
29
27
10
36
34
48
35
17
16
27
33
43
18
19
24
8
2
29
39
43
5
5
3
13
21
48
20
8
12
1
26
47
18
29
12
7
10
22
7
43
14
33
43
23
38
24
3
26
41
17
42
23
43
9
23
22
6
12
4
20
28
6
34
4
32
32
14
17
44
15
