89
90
90
91
91
91
91
91
91
91
91
91
91
91
91
91
90
90
91
91
91
92
91
91
91
91
91
91
91
91
92
92
92
91
91
91
91
91
91
91
90
90
91
89
89
89
89
89
89
89
89
90
91
91
92
93
93
94
94
94
94
94
94
94
94
94
94
94
94
94
94
94
94
95
95
97
98
98
99
99
99
99
99
99
98
98
98
98
99
99
99
99
99
99
99
99
99
99
99
99
99
99
98
98
98
97
96
96
93
93
93
93
92
92
92
92
92
92
92
92
92
92
92
92
92
92
92
92
92
91
91
91
90
89
89
89
89
89
90
90
90
90
92
92
92
91
91
91
91
91
91
90
90
90
90
90
90
90
90
90
90
90
91
93
93
93
95
95
97
97
97
97
97
97
97
97
97
97
97
97
97
97
97
97
95
95
94
94
94
94
94
94
94
94
94
94
93
93
93
92
92
89
87
87
85
84
84
83
82
82
82
82
82
82
82
82
82
83
83
84
85
85
86
86
86
88
91
91
92
92
92
92
92
92
92
92
92
92
92
92
92
92
92
92
92
92
92
92
92
92
92
92
91
90
90
89
89
89
89
89
89
89
89
89
89
87
87
86
86
86
86
85
85
85
85
85
86
86
86
86
86
86
86
87
87
88
90
90
90
92
92
94
95
95
96
96
96
97
97
97
97
97
97
97
97
97
97
95
95
95
93
93
91
91
91
91
94
94
94
94
94
94
94
94
94
94
94
94
95
95
95
95
95
95
95
95
95
95
95
95
95
95
95
95
95
92
91
91
91
91
91
91
91
91
91
91
91
91
88
0
0
0
0
0
0
0
0
0
0
0
0
0
0
0
0
0
0
0
0
0
0
0
0
0
0
0
0
0
0
0
0
0
0
0
0
0
0
0
0
0
0
0
0
0
0
0
0
0
0
0
0
0
0
0
0
0
0
0
0
0
0
0
0
0
0
0
0
0
0
0
0
0
0
0
0
0
0
0
0
0
0
0
0
0
0
0
0
0
0
0
0
0
0
0
0
0
0
0
0
0
0
0
0
0
0
0
0
0
0
0
0
0
0
0
0
0
0
0
0
0
0
0
0
0
0
0
0
0
0
0
0
0
0
0
0
0
0
0
0
0
0
0
0
0
0
0
0
0
0
0
0
0
0
0
0
0
0
0
0
0
0
0
0
0
0
0
0
0
0
0
0
0
0
0
0
0
0
0
0
0
0
0
0
0
0
0
0
0
0
0
0
0
0
0
0
0
0
0
0
0
0
0
0
0
0
0
0
0
0
0
0
0
0
0
0
0
0
0
0
0
0
0
0
0
0
0
0
0
0
0
0
0
0
0
0
0
0
0
0
0
0
0
0
0
0
0
0
0
0
0
0
0
0
0
0
0
0
0
0
0
0
0
0
0
0
0
0
0
0
0
0
0
0
0
0
0
0
0
0
0
0
0
0
0
0
0
0
0
0
0
0
0
0
0
0
0
0
0
0
0
0
0
0
0
0
0
0
0
0
0
0
0
0
0
0
0
0
0
0
0
0
0
0
0
0
